category	over_represented_pvalue	under_represented_pvalue	numDEInCat	numInCat	term	ontology	over_represented_FDR	under_represented_FDR	go_term
GO:0008270	1	0.042755875666471	0	2364	zinc ion binding	MF	0.9999999999	0.9999999999	MF zinc ion binding
GO:0003674	0.967109425912964	0.049604422917937	28	28766	molecular_function	MF	0.9999999999	0.9999999999	MF molecular_function
