b_44_01	b_44_02	b_44_03	b_K5_01	b_K5_02	b_K5_03	b_K5_04	b_K5_05	b_K5_06	bleached_44_01	bleached_44_02	bleached_44_03	bleached_K5_01	bleached_K5_02	bleached_K5_03	bleached_K5_04	bleached_K5_05	bleached_K5_06	nb_44_04	nb_44_05	nb_44_06	nb_K5_07	nb_K5_08	nbK5_09	non-bleached_44_01	non-bleached_44_02	non-bleached_44_03	non-bleached_K5_01	non-bleached_K5_02	non-bleached_K5_03
b_44_01	1	0.593149397728975	0.250834731823219	-0.257277954698597	0.194970765536634	-0.045791673063436	-0.300289333305833	-0.32754575382434	-0.401508055325173	0.999999947657512	0.593151956149727	0.250853239344565	-0.257268221627038	0.195027167685504	-0.0457838389556258	-0.300311405301747	-0.32748218682835	-0.401552159530339	0.0990845450224583	0.243287846791897	0.023654347204419	-0.287308131391982	-0.215308474188311	-0.399803477092423	0.0990794508816953	0.245137876698263	0.0236713809714562	-0.287324820999084	-0.215331469277693	-0.399811963161144
b_44_02	0.593149397728975	1	0.012138706392249	-0.192770116587072	0.269643421829089	0.101046019255395	-0.171757922561798	-0.105001638184072	-0.314929171318386	0.593115764124289	0.9999999994442	0.0121301380857007	-0.192750631800555	0.269733090473005	0.101051247926398	-0.171705797032423	-0.10500744138115	-0.314975680346119	-0.00159649234707131	0.0770944825751056	-0.153308004641991	-0.311901942152998	-0.262571877233131	-0.3320331328284	-0.00160806440871479	0.0767082111514272	-0.153307584303362	-0.311908727957591	-0.262514999547533	-0.332040713118106
b_44_03	0.250834731823219	0.012138706392249	1	-0.241699000700502	-0.197518365033752	-0.230089390774438	-0.214805805832219	-0.071659020088028	-0.337984446831015	0.250938238959705	0.012136296310906	0.999999986535895	-0.241695719628862	-0.197655621914687	-0.230079202311173	-0.214789049046909	-0.0717849124223311	-0.338068320565431	0.0239926017652545	0.146261959590761	0.364704588819717	-0.239384931733284	-0.0844732832704021	-0.298259782539887	0.0240033957279909	0.148796850935878	0.364735568602589	-0.239382866578485	-0.0846202550052459	-0.298243886413374
b_K5_01	-0.257277954698597	-0.192770116587072	-0.241699000700502	1	0.124650918772571	-0.0183680328852461	0.331652679143414	0.121654285731186	0.176193737253307	-0.257245856015118	-0.192767819842362	-0.241691366658412	0.999999997538917	0.124559961608548	-0.0183450044349348	0.331692072199721	0.121589785302648	0.176288294000526	-0.155478202600815	-0.0752024252945726	-0.265669993595573	-0.0809337309946738	-0.257671031608646	0.112523970858411	-0.155451979081889	-0.0754280667700921	-0.265664842753223	-0.0809427537858146	-0.257589565154132	0.112513886330644
b_K5_02	0.194970765536634	0.269643421829089	-0.197518365033752	0.124650918772571	1	0.410607555882721	-0.0109759322697632	0.168687967064913	0.143960767831221	0.194992234507964	0.269641945945648	-0.197505253148136	0.124638488016634	0.999999872672718	0.410618722038614	-0.0109083932322619	0.168632777498437	0.144063698569781	-0.28229185619812	-0.288080164003178	-0.417183000589128	-0.302063974986453	-0.477775106493466	0.0461908394802645	-0.282303613175827	-0.288410144394064	-0.417197954663303	-0.302061467823584	-0.47753386148818	0.0461845832735859
b_K5_03	-0.045791673063436	0.101046019255395	-0.230089390774438	-0.0183680328852461	0.410607555882721	1	0.206094133228874	0.312805505073571	0.282547899600659	-0.0457338766865701	0.101031965576497	-0.230089820906487	-0.0183810816804342	0.41054558470001	0.999999998740626	0.206172540415826	0.312682614490733	0.282607467443032	-0.257495664786602	-0.395492481051146	-0.39829016984911	-0.208476559550216	-0.31838295016255	-0.270971875986248	-0.257502170327904	-0.395974775948536	-0.398298025699221	-0.208446863177337	-0.318328546165229	-0.270950898144131
b_K5_04	-0.300289333305833	-0.171757922561798	-0.214805805832219	0.331652679143414	-0.0109759322697632	0.206094133228874	1	0.278529488559805	0.308745304160291	-0.300263578897108	-0.171766218947899	-0.214801013698497	0.331643606374177	-0.0110883957132648	0.20609417777755	0.999999981825379	0.27852262975522	0.308951987109493	-0.208386830146249	-0.224928160545655	-0.29151220424639	0.0101210490999387	-0.289353871771883	-0.042236170676787	-0.20838472305547	-0.225088311592093	-0.291509527456253	0.0101291765169269	-0.289268671289079	-0.0422424180214979
b_K5_05	-0.32754575382434	-0.105001638184072	-0.071659020088028	0.121654285731186	0.168687967064913	0.312805505073571	0.278529488559805	1	0.216321638793955	-0.327545649254315	-0.105006321603879	-0.0716575188130164	0.121640791612358	0.168682185661977	0.312802424046596	0.278521777030201	0.999999915509611	0.216528501156156	-0.135591183526803	-0.40748584493094	-0.158930976796658	-0.129026296872055	-0.209558754647809	-0.0856709926018743	-0.135591870357911	-0.407521476556702	-0.158920704172903	-0.129017436490596	-0.2095552684987	-0.0856828220130592
b_K5_06	-0.401508055325173	-0.314929171318386	-0.337984446831015	0.176193737253307	0.143960767831221	0.282547899600659	0.308745304160291	0.216321638793955	1	-0.401530225090888	-0.314927559932684	-0.337978017700919	0.176179697703209	0.14396860427973	0.282540310652812	0.308772136036754	0.216273730404889	0.999999914127332	-0.279425171122875	-0.439452610065468	-0.39432191133782	0.00959695390003932	-0.342448213684069	0.408011164942701	-0.279430129678484	-0.439848744484877	-0.39431334845066	0.00962403207443778	-0.34235463846708	0.408044226953211
bleached_44_01	0.999999947657512	0.593115764124289	0.250938238959705	-0.257245856015118	0.194992234507964	-0.0457338766865701	-0.300263578897108	-0.327545649254315	-0.401530225090888	1	0.593118316251154	0.250956741876963	-0.257236128370947	0.195048552913046	-0.0457260399546615	-0.300285619900203	-0.327482136895917	-0.401574348807622	0.0991232348702266	0.243318158679757	0.0236327682026018	-0.287392263485745	-0.215392611152685	-0.399837376162254	0.0991181388381135	0.245168411894965	0.0236498107453262	-0.2874089498622	-0.215415656877602	-0.399845862392972
bleached_44_02	0.593151956149727	0.9999999994442	0.012136296310906	-0.192767819842362	0.269641945945648	0.101031965576497	-0.171766218947899	-0.105006321603879	-0.314927559932684	0.593118316251154	1	0.0121277287990877	-0.192748334010854	0.2697316228791	0.101037194583189	-0.171714095595422	-0.105012120617861	-0.314974067403469	-0.00159521959392488	0.0771008620855639	-0.153309628970492	-0.311894995994062	-0.262566108152546	-0.332028540729369	-0.00160679199872603	0.0767146181018288	-0.153309209236531	-0.311901782392791	-0.26250922811446	-0.332036120447874
bleached_44_03	0.250853239344565	0.0121301380857007	0.999999986535895	-0.241691366658412	-0.197505253148136	-0.230089820906487	-0.214801013698497	-0.0716575188130164	-0.337978017700919	0.250956741876963	0.0121277287990877	1	-0.241688084744868	-0.197642503875899	-0.230079633277592	-0.214784260990817	-0.071783398024321	-0.338061888606345	0.0239658964642941	0.146250071226081	0.364685511669006	-0.239368804675862	-0.0844969041858995	-0.29823095641819	0.0239766887413629	0.148786085490806	0.364716491054642	-0.239366740792685	-0.0846438672999118	-0.298215062283351
bleached_K5_01	-0.257268221627038	-0.192750631800555	-0.241695719628862	0.999999997538917	0.124638488016634	-0.0183810816804342	0.331643606374177	0.121640791612358	0.176179697703209	-0.257236128370947	-0.192748334010854	-0.241688084744868	1	0.124547548345607	-0.0183580525883811	0.331682999030608	0.121576292100239	0.176274252541234	-0.155468599274546	-0.0751951969501079	-0.265666904661971	-0.080925390684619	-0.257669478106477	0.112516145165436	-0.155442376465285	-0.0754208052695957	-0.265661755276807	-0.0809344133152584	-0.25758800099442	0.112506061265426
bleached_K5_02	0.195027167685504	0.269733090473005	-0.197655621914687	0.124559961608548	0.999999872672718	0.41054558470001	-0.0110883957132648	0.168682185661977	0.14396860427973	0.195048552913046	0.2697316228791	-0.197642503875899	0.124547548345607	1	0.410556739595129	-0.0110209033256179	0.168627114462181	0.144071578435818	-0.282178375117304	-0.288051786781984	-0.417143055758645	-0.302056550621767	-0.477719559565226	0.0461865979856952	-0.282190144745879	-0.288381272186183	-0.417158025018564	-0.302054055150235	-0.477478228220221	0.0461803409345858
bleached_K5_03	-0.0457838389556258	0.101051247926398	-0.230079202311173	-0.0183450044349348	0.410618722038614	0.999999998740626	0.20609417777755	0.312802424046596	0.282540310652812	-0.0457260399546615	0.101037194583189	-0.230079633277592	-0.0183580525883811	0.410556739595129	1	0.206172589393424	0.312679522772207	0.282599878365843	-0.257507202487711	-0.395487242860112	-0.398299977464814	-0.208481410616264	-0.318388052577336	-0.270981832122516	-0.257513707124937	-0.395969573617812	-0.398307833129668	-0.208451713831251	-0.318333654541872	-0.270960853243267
bleached_K5_04	-0.300311405301747	-0.171705797032423	-0.214789049046909	0.331692072199721	-0.0109083932322619	0.206172540415826	0.999999981825379	0.278521777030201	0.308772136036754	-0.300285619900203	-0.171714095595422	-0.214784260990817	0.331682999030608	-0.0110209033256179	0.206172589393424	1	0.27851485827399	0.308978797219508	-0.208441408699911	-0.224946416942454	-0.291574079062906	0.0100735640098623	-0.289406052700999	-0.0422427967552203	-0.208439300628349	-0.22510678271866	-0.291571402687663	0.0100816973171819	-0.289320861287097	-0.0422490396980243
bleached_K5_05	-0.32748218682835	-0.10500744138115	-0.0717849124223311	0.121589785302648	0.168632777498437	0.312682614490733	0.27852262975522	0.999999915509611	0.216273730404889	-0.327482136895917	-0.105012120617861	-0.071783398024321	0.121576292100239	0.168627114462181	0.312679522772207	0.27851485827399	1	0.216480642384327	-0.135455927177548	-0.407440953998582	-0.15890662731263	-0.128944827483836	-0.209497947250755	-0.0856320484697172	-0.135456619691145	-0.407476200146403	-0.158896359665145	-0.12893598250522	-0.209494419593922	-0.0856438896946335
bleached_K5_06	-0.401552159530339	-0.314975680346119	-0.338068320565431	0.176288294000526	0.144063698569781	0.282607467443032	0.308951987109493	0.216528501156156	0.999999914127332	-0.401574348807622	-0.314974067403469	-0.338061888606345	0.176274252541234	0.144071578435818	0.282599878365843	0.308978797219508	0.216480642384327	1	-0.279448737873593	-0.439499230515708	-0.394370010062608	0.0095377677764107	-0.342484086521688	0.407935403285275	-0.279453699689308	-0.439895245409728	-0.394361451580188	0.009564835970426	-0.342390449406437	0.40796846194415
nb_44_04	0.0990845450224583	-0.00159649234707131	0.0239926017652545	-0.155478202600815	-0.28229185619812	-0.257495664786602	-0.208386830146249	-0.135591183526803	-0.279425171122875	0.0991232348702266	-0.00159521959392488	0.0239658964642941	-0.155468599274546	-0.282178375117304	-0.257507202487711	-0.208441408699911	-0.135455927177548	-0.279448737873593	1	0.245768249068524	0.113020543631141	-0.136007233328688	0.30390673258554	-0.342302666646849	0.999999998050673	0.245531530051833	0.112880394554802	-0.13609745575706	0.303270722584803	-0.34231951793877
nb_44_05	0.243287846791897	0.0770944825751056	0.146261959590761	-0.0752024252945726	-0.288080164003178	-0.395492481051146	-0.224928160545655	-0.40748584493094	-0.439452610065468	0.243318158679757	0.0771008620855639	0.146250071226081	-0.0751951969501079	-0.288051786781984	-0.395487242860112	-0.224946416942454	-0.407440953998582	-0.439499230515708	0.245768249068524	1	0.0199497705225457	0.125810820219013	0.199259758531309	-0.210234491252644	0.245761246824397	0.999967946160227	0.0199786885917417	0.125772631815449	0.198789023251095	-0.21023766622375
nb_44_06	0.023654347204419	-0.153308004641991	0.364704588819717	-0.265669993595573	-0.417183000589128	-0.39829016984911	-0.29151220424639	-0.158930976796658	-0.39432191133782	0.0236327682026018	-0.153309628970492	0.364685511669006	-0.265666904661971	-0.417143055758645	-0.398299977464814	-0.291574079062906	-0.15890662731263	-0.394370010062608	0.113020543631141	0.0199497705225457	1	-0.212071736488145	0.474995936079786	-0.105209088859295	0.113030696330208	0.0203029831432023	0.999999891053602	-0.212021878348795	0.475128163001605	-0.105218289315149
nb_K5_07	-0.287308131391982	-0.311901942152998	-0.239384931733284	-0.0809337309946738	-0.302063974986453	-0.208476559550216	0.0101210490999387	-0.129026296872055	0.00959695390003932	-0.287392263485745	-0.311894995994062	-0.239368804675862	-0.080925390684619	-0.302056550621767	-0.208481410616264	0.0100735640098623	-0.128944827483836	0.0095377677764107	-0.136007233328688	0.125810820219013	-0.212071736488145	1	0.137457111263408	0.300560771206085	-0.13601358980629	0.125161311696122	-0.211998047893226	0.999999974874653	0.138049694931309	0.300556677769302
nb_K5_08	-0.215308474188311	-0.262571877233131	-0.0844732832704021	-0.257671031608646	-0.477775106493466	-0.31838295016255	-0.289353871771883	-0.209558754647809	-0.342448213684069	-0.215392611152685	-0.262566108152546	-0.0844969041858995	-0.257669478106477	-0.477719559565226	-0.318388052577336	-0.289406052700999	-0.209497947250755	-0.342484086521688	0.30390673258554	0.199259758531309	0.474995936079786	0.137457111263408	1	-0.0242588185102207	0.303916393378583	0.198399791659787	0.474947488541564	0.137465826400071	0.999995434257011	-0.0242626185850797
nbK5_09	-0.399803477092423	-0.3320331328284	-0.298259782539887	0.112523970858411	0.0461908394802645	-0.270971875986248	-0.042236170676787	-0.0856709926018743	0.408011164942701	-0.399837376162254	-0.332028540729369	-0.29823095641819	0.112516145165436	0.0461865979856952	-0.270981832122516	-0.0422427967552203	-0.0856320484697172	0.407935403285275	-0.342302666646849	-0.210234491252644	-0.105209088859295	0.300560771206085	-0.0242588185102207	1	-0.342308690760133	-0.210843448703849	-0.105185871931021	0.30055622246343	-0.0245181172671577	0.999999996900494
non-bleached_44_01	0.0990794508816953	-0.00160806440871479	0.0240033957279909	-0.155451979081889	-0.282303613175827	-0.257502170327904	-0.20838472305547	-0.135591870357911	-0.279430129678484	0.0991181388381135	-0.00160679199872603	0.0239766887413629	-0.155442376465285	-0.282190144745879	-0.257513707124937	-0.208439300628349	-0.135456619691145	-0.279453699689308	0.999999998050673	0.245761246824397	0.113030696330208	-0.13601358980629	0.303916393378583	-0.342308690760133	1	0.245524461671294	0.112890540769861	-0.13610381237287	0.303280357946959	-0.342325542476071
non-bleached_44_02	0.245137876698263	0.0767082111514272	0.148796850935878	-0.0754280667700921	-0.288410144394064	-0.395974775948536	-0.225088311592093	-0.407521476556702	-0.439848744484877	0.245168411894965	0.0767146181018288	0.148786085490806	-0.0754208052695957	-0.288381272186183	-0.395969573617812	-0.22510678271866	-0.407476200146403	-0.439895245409728	0.245531530051833	0.999967946160227	0.0203029831432023	0.125161311696122	0.198399791659787	-0.210843448703849	0.245524461671294	1	0.0203319484349064	0.125123031587875	0.197929095033026	-0.210846686366649
non-bleached_44_03	0.0236713809714562	-0.153307584303362	0.364735568602589	-0.265664842753223	-0.417197954663303	-0.398298025699221	-0.291509527456253	-0.158920704172903	-0.39431334845066	0.0236498107453262	-0.153309209236531	0.364716491054642	-0.265661755276807	-0.417158025018564	-0.398307833129668	-0.291571402687663	-0.158896359665145	-0.394361451580188	0.112880394554802	0.0199786885917417	0.999999891053602	-0.211998047893226	0.474947488541564	-0.105185871931021	0.112890540769861	0.0203319484349064	1	-0.211948160919314	0.47508039802242	-0.105195071940504
non-bleached_K5_01	-0.287324820999084	-0.311908727957591	-0.239382866578485	-0.0809427537858146	-0.302061467823584	-0.208446863177337	0.0101291765169269	-0.129017436490596	0.00962403207443778	-0.2874089498622	-0.311901782392791	-0.239366740792685	-0.0809344133152584	-0.302054055150235	-0.208451713831251	0.0100816973171819	-0.12893598250522	0.009564835970426	-0.13609745575706	0.125772631815449	-0.212021878348795	0.999999974874653	0.137465826400071	0.30055622246343	-0.13610381237287	0.125123031587875	-0.211948160919314	1	0.138058874573592	0.300552131059108
non-bleached_K5_02	-0.215331469277693	-0.262514999547533	-0.0846202550052459	-0.257589565154132	-0.47753386148818	-0.318328546165229	-0.289268671289079	-0.2095552684987	-0.34235463846708	-0.215415656877602	-0.26250922811446	-0.0846438672999118	-0.25758800099442	-0.477478228220221	-0.318333654541872	-0.289320861287097	-0.209494419593922	-0.342390449406437	0.303270722584803	0.198789023251095	0.475128163001605	0.138049694931309	0.999995434257011	-0.0245181172671577	0.303280357946959	0.197929095033026	0.47508039802242	0.138058874573592	1	-0.0245219339243857
non-bleached_K5_03	-0.399811963161144	-0.332040713118106	-0.298243886413374	0.112513886330644	0.0461845832735859	-0.270950898144131	-0.0422424180214979	-0.0856828220130592	0.408044226953211	-0.399845862392972	-0.332036120447874	-0.298215062283351	0.112506061265426	0.0461803409345858	-0.270960853243267	-0.0422490396980243	-0.0856438896946335	0.40796846194415	-0.34231951793877	-0.21023766622375	-0.105218289315149	0.300556677769302	-0.0242626185850797	0.999999996900494	-0.342325542476071	-0.210846686366649	-0.105195071940504	0.300552131059108	-0.0245219339243857	1
