GO:0031225 0.000137334831191646
GO:0005576 0.0114707458076935
